GCA_000001405.29_GRCh38.p14 C:92.8%[S:88.1%,D:4.7%],F:2.3%,M:4.9%,n:3354
GCA_000001635.9_GRCm39 C:94.7%[S:93.1%,D:1.6%],F:1.5%,M:3.8%,n:3354
GCA_000001905.1_Loxafr3.0 C:91.3%[S:90.6%,D:0.7%],F:3.1%,M:5.6%,n:3354
GCA_000002035.4_GRCz11 C:94.6%[S:74.4%,D:20.2%],F:2.5%,M:2.9%,n:3354
GCA_000003025.6_Sscrofa11.1 C:93.7%[S:92.9%,D:0.8%],F:2.6%,M:3.7%,n:3354
GCA_000003815.2_Bfl_VNyyK C:65.4%[S:63.4%,D:2.0%],F:5.6%,M:29.0%,n:3354
GCA_000004195.4_UCB_Xtro_10.0
GCA_000090745.2_AnoCar2.0 C:86.0%[S:85.3%,D:0.7%],F:5.0%,M:9.0%,n:3354
GCA_000146605.4_Turkey_5.1 C:86.2%[S:85.6%,D:0.6%],F:6.1%,M:7.7%,n:3354
GCA_000147115.1_Myoluc2.0 C:87.1%[S:84.1%,D:3.0%],F:5.1%,M:7.8%,n:3354
GCA_000149265.1_ASM14926v1 C:36.6%[S:10.1%,D:26.5%],F:7.3%,M:56.1%,n:3354
GCA_000150855.1_ASM15085v1 C:0.3%[S:0.3%,D:0.0%],F:0.7%,M:99.0%,n:3354
GCA_000150875.1_ASM15087v1 C:0.2%[S:0.2%,D:0.0%],F:0.7%,M:99.1%,n:3354
GCA_000150895.1_ASM15089v1 C:0.3%[S:0.3%,D:0.0%],F:0.9%,M:98.8%,n:3354
GCA_000150935.1_ASM15093v1 C:0.4%[S:0.4%,D:0.0%],F:1.0%,M:98.6%,n:3354
GCA_000151735.1_Cavpor3.0 C:90.8%[S:90.0%,D:0.8%],F:2.7%,M:6.5%,n:3354
GCA_000151845.2_Pvam_2.0 C:90.4%[S:89.9%,D:0.5%],F:4.2%,M:5.4%,n:3354
GCA_000151885.2_Dord_2.0 C:89.2%[S:87.9%,D:1.3%],F:4.4%,M:6.4%,n:3354
GCA_000152225.2_Pcap_2.0 C:91.3%[S:90.7%,D:0.6%],F:3.2%,M:5.5%,n:3354
GCA_000164785.2_C_hoffmanni-2.0.1 C:78.8%[S:76.0%,D:2.8%],F:6.4%,M:14.8%,n:3354
GCA_000164805.2_Tarsius_syrichta-2.0.1 C:87.0%[S:84.9%,D:2.1%],F:6.4%,M:6.6%,n:3354
GCA_000164845.5_VicPac3.2 C:91.5%[S:90.7%,D:0.8%],F:2.7%,M:5.8%,n:3354
GCA_000165445.3_Mmur_3.0 C:93.2%[S:90.8%,D:2.4%],F:2.7%,M:4.1%,n:3354
GCA_000180735.1_ASM18073v1 C:84.3%[S:82.1%,D:2.2%],F:7.0%,M:8.7%,n:3354
GCA_000181295.3_OtoGar3 C:90.6%[S:89.1%,D:1.5%],F:3.8%,M:5.6%,n:3354
GCA_000181375.1_ASM18137v1 C:9.5%[S:9.1%,D:0.4%],F:19.5%,M:71.0%,n:3354
GCA_000186305.2_Python_molurus_bivittatus-5.0.2 C:86.0%[S:85.3%,D:0.7%],F:6.4%,M:7.6%,n:3354
GCA_000223135.1_CriGri_1.0 C:89.8%[S:88.8%,D:1.0%],F:4.8%,M:5.4%,n:3354
GCA_000224145.2_KH C:38.0%[S:37.6%,D:0.4%],F:8.1%,M:53.9%,n:3354
GCA_000225785.1_LatCha1 C:84.2%[S:83.3%,D:0.9%],F:8.3%,M:7.5%,n:3354
GCA_000230535.1_PelSin_1.0 C:88.6%[S:88.0%,D:0.6%],F:4.7%,M:6.7%,n:3354
GCA_000238955.5_M_zebra_UMD2a C:97.9%[S:95.6%,D:2.3%],F:0.9%,M:1.2%,n:3354
GCA_000239375.1_PunNye1.0 C:95.9%[S:95.4%,D:0.5%],F:2.3%,M:1.8%,n:3354
GCA_000239395.1_NeoBri1.0 C:91.2%[S:90.2%,D:1.0%],F:5.3%,M:3.5%,n:3354
GCA_000242695.1_LepOcu1 C:91.9%[S:91.3%,D:0.6%],F:4.1%,M:4.0%,n:3354
GCA_000247695.1_HetGla_female_1.0 C:88.0%[S:85.7%,D:2.3%],F:4.5%,M:7.5%,n:3354
GCA_000247795.2_Bos_indicus_1.0 C:88.0%[S:86.5%,D:1.5%],F:3.4%,M:8.6%,n:3354
GCA_000260255.1_OctDeg1.0 C:87.5%[S:83.8%,D:3.7%],F:4.9%,M:7.6%,n:3354
GCA_000260355.1_ConCri1.0 C:87.1%[S:86.6%,D:0.5%],F:4.8%,M:8.1%,n:3354
GCA_000276665.1_ChiLan1.0 C:93.1%[S:92.4%,D:0.7%],F:2.4%,M:4.5%,n:3354
GCA_000277835.1_GeoFor_1.0 C:87.4%[S:87.0%,D:0.4%],F:5.5%,M:7.1%,n:3354
GCA_000296735.1_ChrAsi1.0 C:86.6%[S:85.2%,D:1.4%],F:3.5%,M:9.9%,n:3354
GCA_000298355.1_BosGru_v2.0 C:91.7%[S:90.8%,D:0.9%],F:3.6%,M:4.7%,n:3354
GCA_000299155.1_EleEdw1.0 C:87.5%[S:82.9%,D:4.6%],F:3.5%,M:9.0%,n:3354
GCA_000313985.2_ASM31398v2 C:87.0%[S:85.8%,D:1.2%],F:4.4%,M:8.6%,n:3354
GCA_000317375.1_MicOch1.0 C:93.6%[S:92.1%,D:1.5%],F:2.2%,M:4.2%,n:3354
GCA_000325575.1_ASM32557v1 C:93.3%[S:92.9%,D:0.4%],F:2.5%,M:4.2%,n:3354
GCA_000327345.1_ASM32734v1 C:86.6%[S:85.6%,D:1.0%],F:6.4%,M:7.0%,n:3354
GCA_000331425.1_PseHum1.0 C:95.0%[S:94.6%,D:0.4%],F:1.7%,M:3.3%,n:3354
GCA_000332375.2_ASM33237v2 C:78.5%[S:78.1%,D:0.4%],F:8.1%,M:13.4%,n:3354
GCA_000334495.1_TupChi_1.0 C:89.0%[S:87.3%,D:1.7%],F:4.3%,M:6.7%,n:3354
GCA_000337935.2_Cliv_2.1 C:87.2%[S:86.8%,D:0.4%],F:5.2%,M:7.6%,n:3354
GCA_000349705.1_LepWed1.0 C:76.5%[S:75.2%,D:1.3%],F:11.5%,M:12.0%,n:3354
GCA_000385455.1_Zonotrichia_albicollis-1.0.1 C:83.9%[S:83.4%,D:0.5%],F:5.9%,M:10.2%,n:3354
GCA_000400835.1_PHO1.0 C:89.3%[S:85.6%,D:3.7%],F:3.6%,M:7.1%,n:3354
GCA_000412655.1_ASM41265v1 C:89.4%[S:87.2%,D:2.2%],F:4.7%,M:5.9%,n:3354
GCA_000442215.2_Lipotes_vexillifer_v1.1 C:92.9%[S:91.6%,D:1.3%],F:2.8%,M:4.3%,n:3354
GCA_000444245.1_356a-chromosome-assembly C:30.4%[S:22.3%,D:8.1%],F:10.1%,M:59.5%,n:3354
GCA_000455745.1_ASM45574v1 C:91.4%[S:90.8%,D:0.6%],F:3.9%,M:4.7%,n:3354
GCA_000465285.1_ASM46528v1 C:56.5%[S:56.2%,D:0.3%],F:17.5%,M:26.0%,n:3354
GCA_000465405.1_ASM46540v1 C:43.8%[S:43.2%,D:0.6%],F:19.3%,M:36.9%,n:3354
GCA_000475235.3_ASM47523v3 C:76.7%[S:76.1%,D:0.6%],F:13.9%,M:9.4%,n:3354
GCA_000485575.1_Poecilia_formosa-5.1.2 C:97.0%[S:92.2%,D:4.8%],F:1.6%,M:1.4%,n:3354
GCA_000516915.1_OphHan1.0 C:81.6%[S:81.3%,D:0.3%],F:9.1%,M:9.3%,n:3354
GCA_000523025.1_Cse_v1.0 C:95.9%[S:94.8%,D:1.1%],F:1.9%,M:2.2%,n:3354
GCA_000622305.1_S.galili_v1.0 C:92.0%[S:91.1%,D:0.9%],F:3.0%,M:5.0%,n:3354
GCA_000633615.2_Guppy_female_1.0_MT C:94.8%[S:94.3%,D:0.5%],F:2.6%,M:2.6%,n:3354
GCA_000687185.1_ASM68718v1 C:86.0%[S:85.5%,D:0.5%],F:5.8%,M:8.2%,n:3354
GCA_000687285.1_ASM68728v1 C:67.3%[S:66.9%,D:0.4%],F:16.5%,M:16.2%,n:3354
GCA_000687375.1_ASM68737v1 C:63.1%[S:62.8%,D:0.3%],F:18.4%,M:18.5%,n:3354
GCA_000688575.1_CavAp1.0 C:58.5%[S:58.1%,D:0.4%],F:10.7%,M:30.8%,n:3354
GCA_000690535.1_ASM69053v1 C:66.7%[S:66.5%,D:0.2%],F:16.3%,M:17.0%,n:3354
GCA_000690725.1_Stegastes_partitus-1.0.2 C:97.0%[S:95.4%,D:1.6%],F:1.7%,M:1.3%,n:3354
GCA_000690775.1_ASM69077v1 C:58.4%[S:58.1%,D:0.3%],F:20.1%,M:21.5%,n:3354
GCA_000690835.1_ASM69083v1 C:64.0%[S:63.7%,D:0.3%],F:17.2%,M:18.8%,n:3354
GCA_000691405.1_ASM69140v1 C:65.6%[S:65.2%,D:0.4%],F:17.0%,M:17.4%,n:3354
GCA_000691785.1_ASM69178v1 C:64.1%[S:63.7%,D:0.4%],F:18.6%,M:17.3%,n:3354
GCA_000691845.1_ASM69184v1 C:58.4%[S:58.2%,D:0.2%],F:20.6%,M:21.0%,n:3354
GCA_000691975.1_ASM69197v1 C:88.2%[S:87.7%,D:0.5%],F:5.4%,M:6.4%,n:3354
GCA_000692075.1_ASM69207v1 C:82.5%[S:82.1%,D:0.4%],F:6.4%,M:11.1%,n:3354
GCA_000695195.1_ASM69519v1 C:63.4%[S:63.2%,D:0.2%],F:17.4%,M:19.2%,n:3354
GCA_000695765.1_ASM69576v1 C:65.8%[S:65.4%,D:0.4%],F:17.7%,M:16.5%,n:3354
GCA_000695815.1_ASM69581v1 C:69.1%[S:68.6%,D:0.5%],F:16.3%,M:14.6%,n:3354
GCA_000696425.1_G_variegatus-3.0.2 C:85.0%[S:83.1%,D:1.9%],F:5.9%,M:9.1%,n:3354
GCA_000696695.1_Burgud C:87.8%[S:87.1%,D:0.7%],F:5.5%,M:6.7%,n:3354
GCA_000696875.1_ASM69687v1 C:68.6%[S:68.3%,D:0.3%],F:15.7%,M:15.7%,n:3354
GCA_000697985.1_PamArg1.0 C:8.7%[S:8.5%,D:0.2%],F:30.5%,M:60.8%,n:3354
GCA_000699105.1_ASM69910v1 C:83.9%[S:83.4%,D:0.5%],F:6.1%,M:10.0%,n:3354
GCA_000699145.1_ASM69914v1 C:89.1%[S:88.8%,D:0.3%],F:4.4%,M:6.5%,n:3354
GCA_000699245.1_ASM69924v1 C:64.0%[S:63.6%,D:0.4%],F:18.3%,M:17.7%,n:3354
GCA_000699545.1_ASM69954v1 C:54.2%[S:53.9%,D:0.3%],F:22.2%,M:23.6%,n:3354
GCA_000699945.1_ASM69994v1 C:46.8%[S:46.5%,D:0.3%],F:25.5%,M:27.7%,n:3354
GCA_000700745.2_ASM70074v2 C:60.2%[S:60.0%,D:0.2%],F:21.2%,M:18.6%,n:3354
GCA_000703405.1_ASM70340v1 C:62.4%[S:62.1%,D:0.3%],F:17.7%,M:19.9%,n:3354
GCA_000705375.2_ASM70537v2 C:76.8%[S:76.1%,D:0.7%],F:10.4%,M:12.8%,n:3354
GCA_000708025.2_ASM70802v2 C:87.7%[S:87.2%,D:0.5%],F:4.8%,M:7.5%,n:3354
GCA_000708225.1_ASM70822v1 C:89.6%[S:89.2%,D:0.4%],F:5.2%,M:5.2%,n:3354
GCA_000708925.1_ASM70892v1 C:60.7%[S:60.3%,D:0.4%],F:19.0%,M:20.3%,n:3354
GCA_000709365.1_ASM70936v1 C:65.0%[S:64.7%,D:0.3%],F:17.1%,M:17.9%,n:3354
GCA_000732505.1_C_variegatus-1.0 C:93.8%[S:92.5%,D:1.3%],F:3.7%,M:2.5%,n:3354
GCA_000735185.1_NC01 C:66.6%[S:66.2%,D:0.4%],F:22.1%,M:11.3%,n:3354
GCA_000737285.1_CrotMitch1.0 C:23.8%[S:23.6%,D:0.2%],F:21.1%,M:55.1%,n:3354
GCA_000737465.1_Haliaeetus_leucocephalus-4.0 C:94.8%[S:94.3%,D:0.5%],F:2.3%,M:2.9%,n:3354
GCA_000747805.2_ChaPel_1.1 C:85.3%[S:84.9%,D:0.4%],F:5.6%,M:9.1%,n:3354
GCA_000767855.1_Ca_bactrianus_MBC_1.0 C:93.1%[S:92.5%,D:0.6%],F:2.7%,M:4.2%,n:3354
GCA_000772465.1_Charlie1.0 C:58.8%[S:57.7%,D:1.1%],F:17.5%,M:23.7%,n:3354
GCA_000787095.1_PS.fa C:80.8%[S:80.2%,D:0.6%],F:12.2%,M:7.0%,n:3354
GCA_000787155.1_SH.fa C:72.9%[S:72.2%,D:0.7%],F:16.2%,M:10.9%,n:3354
GCA_000787555.1_Pyoko_1.0 C:32.6%[S:32.3%,D:0.3%],F:40.2%,M:27.2%,n:3354
GCA_000803125.3_CamDro3 C:94.5%[S:93.7%,D:0.8%],F:2.0%,M:3.5%,n:3354
GCA_000935625.1_ASM93562v1 C:89.4%[S:88.3%,D:1.1%],F:4.4%,M:6.2%,n:3354
GCA_000951045.1_Mleu.le_1.0 C:89.8%[S:88.3%,D:1.5%],F:4.9%,M:5.3%,n:3354
GCA_000952055.2_Anan_2.0 C:90.8%[S:88.8%,D:2.0%],F:3.8%,M:5.4%,n:3354
GCA_000955945.1_Caty_1.0 C:92.1%[S:90.8%,D:1.3%],F:3.0%,M:4.9%,n:3354
GCA_000956065.1_Mnem_1.0 C:92.4%[S:91.2%,D:1.2%],F:3.0%,M:4.6%,n:3354
GCA_000956105.1_Pcoq_1.0 C:84.8%[S:83.3%,D:1.5%],F:5.1%,M:10.1%,n:3354
GCA_000972845.2_L_crocea_2.0 C:97.9%[S:97.2%,D:0.7%],F:0.9%,M:1.2%,n:3354
GCA_000978405.1_CapAeg_1.0 C:88.3%[S:86.8%,D:1.5%],F:5.2%,M:6.5%,n:3354
GCA_000978805.1_ASM97880v1 C:46.8%[S:45.9%,D:0.9%],F:19.3%,M:33.9%,n:3354
GCA_001077635.2_Thamnophis_sirtalis-6.0 C:65.5%[S:64.7%,D:0.8%],F:14.8%,M:19.7%,n:3354
GCA_001262655.1_Emacaco_refEf_BWA_oneround C:89.6%[S:88.8%,D:0.8%],F:4.7%,M:5.7%,n:3354
GCA_001262665.1_Eflavifronsk33QCA C:88.9%[S:88.1%,D:0.8%],F:4.8%,M:6.3%,n:3354
GCA_001266775.1_Austrofundulus_limnaeus-1.0 C:88.6%[S:88.0%,D:0.6%],F:7.4%,M:4.0%,n:3354
GCA_001431845.1_ASM143184v1 C:94.1%[S:92.9%,D:1.2%],F:2.6%,M:3.3%,n:3354
GCA_001443285.1_P_latipinna-1.0 C:94.9%[S:92.2%,D:2.7%],F:3.1%,M:2.0%,n:3354
GCA_001443325.1_P_mexicana-1.0 C:95.3%[S:92.3%,D:3.0%],F:2.7%,M:2.0%,n:3354
GCA_001444195.3_X_couchianus-1.0 C:97.6%[S:96.9%,D:0.7%],F:1.2%,M:1.2%,n:3354
GCA_001447265.1_Sturnus_vulgaris-1.0 C:93.9%[S:93.5%,D:0.4%],F:2.2%,M:3.9%,n:3354
GCA_001447785.1_Gekko_japonicus_V1.1 C:89.0%[S:88.3%,D:0.7%],F:5.4%,M:5.6%,n:3354
GCA_001455555.1_ASM145555v1 C:50.0%[S:49.6%,D:0.4%],F:32.0%,M:18.0%,n:3354
GCA_001515605.1_SAMN03320099.WGS_v1.1 C:96.4%[S:44.4%,D:52.0%],F:1.6%,M:2.0%,n:3354
GCA_001515625.1_SAMN03320098_v1.1 C:96.2%[S:47.3%,D:48.9%],F:1.4%,M:2.4%,n:3354
GCA_001515645.1_SAMN03320097.WGS_v1.1 C:93.0%[S:54.0%,D:39.0%],F:3.0%,M:4.0%,n:3354
GCA_001522545.3_Parus_major1.1 C:93.1%[S:92.8%,D:0.3%],F:2.1%,M:4.8%,n:3354
GCA_001527695.3_P.Mucros_1.0 C:90.4%[S:89.3%,D:1.1%],F:4.3%,M:5.3%,n:3354
GCA_001577835.2_Coturnix_japonica_2.1 C:95.2%[S:94.7%,D:0.5%],F:1.9%,M:2.9%,n:3354
GCA_001593715.1_ASM159371v1 C:88.2%[S:86.2%,D:2.0%],F:5.7%,M:6.1%,n:3354
GCA_001595765.1_Mnat.v1 C:93.9%[S:93.1%,D:0.8%],F:2.6%,M:3.5%,n:3354
GCA_001604755.1_Lepidothrix_coronata-1.0 C:93.4%[S:92.9%,D:0.5%],F:2.6%,M:4.0%,n:3354
GCA_001604975.1_Cebus_imitator-1.0 C:90.9%[S:89.6%,D:1.3%],F:4.0%,M:5.1%,n:3354
GCA_001625305.1_Haploidv18h27 C:68.6%[S:66.8%,D:1.8%],F:4.4%,M:27.0%,n:3354
GCA_001625485.1_ASM162548v1 C:58.9%[S:58.3%,D:0.6%],F:20.8%,M:20.3%,n:3354
GCA_001640805.2_TLL_Latcal_v3 C:97.4%[S:93.7%,D:3.7%],F:1.3%,M:1.3%,n:3354
GCA_001649575.2_ASM164957v2 C:97.2%[S:96.8%,D:0.4%],F:1.3%,M:1.5%,n:3354
GCA_001655115.1_GWplu1.0 C:34.2%[S:34.0%,D:0.2%],F:27.9%,M:37.9%,n:3354
GCA_001660625.3_Coco_2.0 C:96.1%[S:95.1%,D:1.0%],F:1.2%,M:2.7%,n:3354
GCA_001663935.1_Asyluc0.1 C:7.9%[S:7.6%,D:0.3%],F:18.9%,M:73.2%,n:3354
GCA_001675575.1_ASM167557v1 C:75.0%[S:74.3%,D:0.7%],F:9.1%,M:15.9%,n:3354
GCA_001685075.1_ASM168507v1 C:86.2%[S:84.9%,D:1.3%],F:6.5%,M:7.3%,n:3354
GCA_001685095.1_ETalpinus_0.1 C:50.2%[S:49.5%,D:0.7%],F:22.0%,M:27.8%,n:3354
GCA_001698545.2_ASM169854v2 C:88.2%[S:86.6%,D:1.6%],F:5.2%,M:6.6%,n:3354
GCA_001698575.1_ASM169857v1 C:96.1%[S:95.2%,D:0.9%],F:1.9%,M:2.0%,n:3354
GCA_001700915.1_Passer_domesticus-1.0 C:90.4%[S:89.9%,D:0.5%],F:4.0%,M:5.6%,n:3354
GCA_001704415.2_ARS1.2 C:94.3%[S:92.8%,D:1.5%],F:2.0%,M:3.7%,n:3354
GCA_001715985.3_ASM171598v3 C:88.6%[S:88.3%,D:0.3%],F:4.2%,M:7.2%,n:3354
GCA_001723895.1_CroPor_comp1 C:90.0%[S:89.5%,D:0.5%],F:2.6%,M:7.4%,n:3354
GCA_001723915.1_GavGan_comp1 C:86.7%[S:86.3%,D:0.4%],F:3.4%,M:9.9%,n:3354
GCA_001749815.1_Salp_genome_1.0 C:6.6%[S:5.4%,D:1.2%],F:12.3%,M:81.1%,n:3354
GCA_001858045.3_O_niloticus_UMD_NMBU C:98.2%[S:97.6%,D:0.6%],F:0.7%,M:1.1%,n:3354
GCA_001888835.1_ASM188883v1 C:92.2%[S:91.0%,D:1.2%],F:2.2%,M:5.6%,n:3354
GCA_001890085.1_ASM189008v1 C:87.0%[S:85.8%,D:1.2%],F:4.9%,M:8.1%,n:3354
GCA_001891065.2_H_comes_QL1_v1.1 C:95.5%[S:94.5%,D:1.0%],F:2.3%,M:2.2%,n:3354
GCA_001952655.1_M_albus_1.0 C:96.0%[S:95.6%,D:0.4%],F:2.0%,M:2.0%,n:3354
GCA_001970005.2_Flounder_ref_guided_V1.0 C:91.5%[S:90.7%,D:0.8%],F:5.2%,M:3.3%,n:3354
GCA_001984765.1_C.can_genome_v1.0 C:83.9%[S:82.6%,D:1.3%],F:7.0%,M:9.1%,n:3354
GCA_002002985.2_Grus_japonensis_ver2.0 C:86.0%[S:85.5%,D:0.5%],F:9.1%,M:4.9%,n:3354
GCA_002007445.3_ASM200744v3 C:92.2%[S:91.4%,D:0.8%],F:3.2%,M:4.6%,n:3354
GCA_002007465.1_ASM200746v1 C:92.7%[S:91.6%,D:1.1%],F:3.0%,M:4.3%,n:3354
GCA_002021735.2_Okis_V2 C:96.9%[S:57.0%,D:39.9%],F:1.1%,M:2.0%,n:3354
GCA_002078875.2_NumMel1.0 C:94.5%[S:94.1%,D:0.4%],F:1.9%,M:3.6%,n:3354
GCA_002099425.1_phaCin_unsw_v4.1 C:91.6%[S:90.3%,D:1.3%],F:2.4%,M:6.0%,n:3354
GCA_002120245.1_mcod_v1 C:91.9%[S:91.4%,D:0.5%],F:5.6%,M:2.5%,n:3354
GCA_002166845.1_GooseV1.0 C:93.1%[S:92.5%,D:0.6%],F:2.8%,M:4.1%,n:3354
GCA_002167245.1_SpoHypox2.0 C:85.6%[S:84.9%,D:0.7%],F:3.4%,M:11.0%,n:3354
GCA_002173435.1_ASM217343v1 C:95.9%[S:95.5%,D:0.4%],F:1.9%,M:2.2%,n:3354
GCA_002173455.1_ASM217345v1 C:96.2%[S:95.3%,D:0.9%],F:1.9%,M:1.9%,n:3354
GCA_002173475.1_Pharrisi_ref_V1 C:96.6%[S:96.2%,D:0.4%],F:1.6%,M:1.8%,n:3354
GCA_002174335.1_ASM217433v1 C:81.9%[S:81.1%,D:0.8%],F:9.8%,M:8.3%,n:3354
GCA_002201575.2_ASM220157v2 C:92.5%[S:90.6%,D:1.9%],F:2.9%,M:4.6%,n:3354
GCA_002201775.1_ALER1.0 C:92.3%[S:90.3%,D:2.0%],F:2.9%,M:4.8%,n:3354
GCA_002217815.1_Squ_2.0 C:96.3%[S:95.7%,D:0.6%],F:1.7%,M:2.0%,n:3354
GCA_002218305.1_ASM221830v1 C:93.7%[S:92.8%,D:0.9%],F:2.3%,M:4.0%,n:3354
GCA_002224875.1_ASM222487v1 C:92.9%[S:90.6%,D:2.3%],F:3.7%,M:3.4%,n:3354
GCA_002234675.1_ASM223467v1 C:96.1%[S:95.3%,D:0.8%],F:1.5%,M:2.4%,n:3354
GCA_002260705.1_Sdu_1.0 C:98.4%[S:98.0%,D:0.4%],F:0.7%,M:0.9%,n:3354
GCA_002263795.4_ARS-UCD2.0 C:94.4%[S:92.6%,D:1.8%],F:1.7%,M:3.9%,n:3354
GCA_002284835.2_RCv2.1 C:43.7%[S:42.7%,D:1.0%],F:23.4%,M:32.9%,n:3354
GCA_002288925.3_ASM228892v3 C:94.2%[S:92.6%,D:1.6%],F:1.9%,M:3.9%,n:3354
GCA_002289315.1_UriLom_1.1 C:95.2%[S:94.8%,D:0.4%],F:1.7%,M:3.1%,n:3354
GCA_002335545.1_Aspe_assembly01 C:41.4%[S:41.0%,D:0.4%],F:22.8%,M:35.8%,n:3354
GCA_002406435.1_ASM240643v1 C:89.8%[S:86.9%,D:2.9%],F:4.2%,M:6.0%,n:3354
GCA_002564285.1_Tym_barrerae_AO245_v1 C:24.9%[S:24.4%,D:0.5%],F:20.3%,M:54.8%,n:3354
GCA_002564305.1_Oct_mimax_AO248_v1 C:19.1%[S:18.6%,D:0.5%],F:20.5%,M:60.4%,n:3354
GCA_002592135.1_ASM259213v1 C:93.9%[S:93.4%,D:0.5%],F:2.6%,M:3.5%,n:3354
GCA_002592385.1_ASM259238v1 C:67.5%[S:66.1%,D:1.4%],F:24.0%,M:8.5%,n:3354
GCA_002631895.1_ASM263189v1 C:84.7%[S:84.3%,D:0.4%],F:8.7%,M:6.6%,n:3354
GCA_002775205.2_X_maculatus-5.0-male C:97.8%[S:97.0%,D:0.8%],F:1.2%,M:1.0%,n:3354
GCA_002776525.5_ASM277652v5 C:90.9%[S:88.3%,D:2.6%],F:3.7%,M:5.4%,n:3354
GCA_002837175.5_ASM283717v5 C:91.2%[S:89.6%,D:1.6%],F:4.1%,M:4.7%,n:3354
GCA_002849675.1_ASM284967v1 C:93.0%[S:92.6%,D:0.4%],F:2.4%,M:4.6%,n:3354
GCA_002863925.1_EquCab3.0 C:94.7%[S:93.7%,D:1.0%],F:1.9%,M:3.4%,n:3354
GCA_002870145.1_P.krameri1.0 C:94.4%[S:93.1%,D:1.3%],F:2.3%,M:3.3%,n:3354
GCA_002872115.1_PKINGS_0.1 C:97.0%[S:93.0%,D:4.0%],F:1.5%,M:1.5%,n:3354
GCA_002895965.2_CRUPv2 C:85.2%[S:81.7%,D:3.5%],F:7.9%,M:6.9%,n:3354
GCA_002896415.1_ASM289641v1 C:89.7%[S:89.0%,D:0.7%],F:5.0%,M:5.3%,n:3354
GCA_002897255.1_Pmaj_1.0 C:43.5%[S:43.0%,D:0.5%],F:34.2%,M:22.3%,n:3354
GCA_002901205.1_cyaCae2 C:88.3%[S:87.7%,D:0.6%],F:5.5%,M:6.2%,n:3354
GCA_002909625.1_Bthov1.0 C:48.2%[S:48.0%,D:0.2%],F:25.0%,M:26.8%,n:3354
GCA_002915635.3_AmbMex60DD
GCA_002922805.2_ASM292280v2 C:96.9%[S:96.1%,D:0.8%],F:2.1%,M:1.0%,n:3354
GCA_002994505.1_ASM299450v1 C:96.6%[S:95.9%,D:0.7%],F:1.0%,M:2.4%,n:3354
GCA_003009895.1_ASM300989v1 C:94.6%[S:93.7%,D:0.9%],F:2.3%,M:3.1%,n:3354
GCA_003031625.1_ASM303162v1 C:92.8%[S:92.2%,D:0.6%],F:3.2%,M:4.0%,n:3354
GCA_003047355.2_Nemo_v1.1 C:97.5%[S:96.8%,D:0.7%],F:1.0%,M:1.5%,n:3354
GCA_003054885.1_wag_ytk_001 C:90.4%[S:89.4%,D:1.0%],F:6.6%,M:3.0%,n:3354
GCA_003113815.1_ASM311381v1 C:87.5%[S:86.5%,D:1.0%],F:6.2%,M:6.3%,n:3354
GCA_003118565.2_Ppicta_v2.0
GCA_003160815.1_VulVul2.2 C:93.3%[S:91.8%,D:1.5%],F:2.7%,M:4.0%,n:3354
GCA_003182575.1_ASM318257v1 C:59.1%[S:57.8%,D:1.3%],F:13.9%,M:27.0%,n:3354
GCA_003182615.2_ASM318261v2 C:93.9%[S:92.1%,D:1.8%],F:2.0%,M:4.1%,n:3354
GCA_003227395.1_ASM322739v1 C:92.8%[S:90.6%,D:2.2%],F:2.9%,M:4.3%,n:3354
GCA_003231725.1_GBYP_Tthy_1.0 C:32.8%[S:32.0%,D:0.8%],F:41.7%,M:25.5%,n:3354
GCA_003255815.1_Tgel_1.0 C:92.9%[S:91.1%,D:1.8%],F:2.7%,M:4.4%,n:3354
GCA_003258685.1_Prosim_1.0 C:92.4%[S:91.4%,D:1.0%],F:3.5%,M:4.1%,n:3354
GCA_003259725.1_athCun1 C:88.3%[S:87.9%,D:0.4%],F:3.5%,M:8.2%,n:3354
GCA_003260075.1_Phmamm_MTP2014 C:35.9%[S:35.3%,D:0.6%],F:9.6%,M:54.5%,n:3354
GCA_003264655.1_ASM326465v1 C:83.3%[S:82.6%,D:0.7%],F:5.8%,M:10.9%,n:3354
GCA_003265705.1_ASM326570v1 C:92.8%[S:80.9%,D:11.9%],F:2.5%,M:4.7%,n:3354
GCA_003286495.1_ASM328649v1 C:88.0%[S:87.5%,D:0.5%],F:5.4%,M:6.6%,n:3354
GCA_003317085.1_ASM331708v1 C:89.3%[S:54.1%,D:35.2%],F:5.0%,M:5.7%,n:3354
GCA_003327715.1_PumCon1.0 C:87.5%[S:87.0%,D:0.5%],F:5.1%,M:7.4%,n:3354
GCA_003331165.2_Xiphophorus_hellerii-4.1 C:96.8%[S:95.8%,D:1.0%],F:1.5%,M:1.7%,n:3354
GCA_003336285.2_MUSP714_v2 C:93.0%[S:91.1%,D:1.9%],F:2.5%,M:4.5%,n:3354
GCA_003339765.3_Mmul_10 C:93.4%[S:91.8%,D:1.6%],F:2.3%,M:4.3%,n:3354
GCA_003342815.1_eudEle1 C:92.6%[S:92.4%,D:0.2%],F:3.4%,M:4.0%,n:3354
GCA_003342845.1_notPer1 C:92.2%[S:91.7%,D:0.5%],F:3.5%,M:4.3%,n:3354
GCA_003342895.1_casCas1 C:94.6%[S:94.1%,D:0.5%],F:2.4%,M:3.0%,n:3354
GCA_003342905.1_droNov1 C:92.6%[S:92.1%,D:0.5%],F:3.2%,M:4.2%,n:3354
GCA_003342915.1_cryCin1 C:91.8%[S:91.4%,D:0.4%],F:3.7%,M:4.5%,n:3354
GCA_003342965.1_aptOwe1 C:93.1%[S:92.8%,D:0.3%],F:3.2%,M:3.7%,n:3354
GCA_003342985.1_aptHaa1 C:92.5%[S:92.2%,D:0.3%],F:3.7%,M:3.8%,n:3354
GCA_003343005.1_rheAme1 C:93.2%[S:92.9%,D:0.3%],F:2.9%,M:3.9%,n:3354
GCA_003343035.1_aptRow1 C:93.8%[S:93.5%,D:0.3%],F:3.0%,M:3.2%,n:3354
GCA_003347165.1_ASM334716v1 C:67.2%[S:66.5%,D:0.7%],F:16.7%,M:16.1%,n:3354
GCA_003368295.1_ASM336829v1 C:97.2%[S:44.4%,D:52.8%],F:0.6%,M:2.2%,n:3354
GCA_003369695.2_UOA_Brahman_1 C:93.7%[S:92.3%,D:1.4%],F:2.0%,M:4.3%,n:3354
GCA_003402635.1_HabAm_1.0 C:89.2%[S:88.8%,D:0.4%],F:4.8%,M:6.0%,n:3354
GCA_003413605.1_Chrysolophus_pictus_GenomeV1.0 C:89.4%[S:88.8%,D:0.6%],F:5.2%,M:5.4%,n:3354
GCA_003416845.1_ASM341684v1 C:97.2%[S:96.7%,D:0.5%],F:1.5%,M:1.3%,n:3354
GCA_003426925.1_ASM342692v1 C:90.9%[S:90.1%,D:0.8%],F:3.2%,M:5.9%,n:3354
GCA_003427335.1_Cpunctatum_v1.0 C:83.3%[S:82.3%,D:1.0%],F:6.4%,M:10.3%,n:3354
GCA_003427355.1_Storazame_v1.0 C:70.3%[S:68.8%,D:1.5%],F:12.9%,M:16.8%,n:3354
GCA_003435085.1_NTU_Smik_1.2 C:94.2%[S:93.6%,D:0.6%],F:2.6%,M:3.2%,n:3354
GCA_003457575.1_DSBC_Tbai_1.0 C:93.8%[S:93.1%,D:0.7%],F:2.3%,M:3.9%,n:3354
GCA_003508835.1_Espe.v1 C:85.8%[S:85.1%,D:0.7%],F:5.5%,M:8.7%,n:3354
GCA_003546035.1_ASM354603v1 C:90.3%[S:89.8%,D:0.5%],F:3.0%,M:6.7%,n:3354
GCA_003573665.1_Novo_Ost_1.0 C:94.5%[S:53.5%,D:41.0%],F:2.0%,M:3.5%,n:3354
GCA_003586115.2_HLtupMer6
GCA_003597395.1_ASM359739v1 C:92.7%[S:92.0%,D:0.7%],F:3.8%,M:3.5%,n:3354
GCA_003676055.1_GouldianFinch C:90.4%[S:88.5%,D:1.9%],F:3.3%,M:6.3%,n:3354
GCA_003676075.3_GSC_YBM_2.1 C:93.7%[S:91.9%,D:1.8%],F:2.7%,M:3.6%,n:3354
GCA_003676395.1_ASM367639v1 C:94.1%[S:92.6%,D:1.5%],F:2.0%,M:3.9%,n:3354
GCA_003697955.1_ASM369795v1 C:94.8%[S:94.2%,D:0.6%],F:2.0%,M:3.2%,n:3354
GCA_003711565.2_ASM371156v2 C:95.9%[S:94.9%,D:1.0%],F:1.7%,M:2.4%,n:3354
GCA_003713215.1_ParRub_1.0 C:92.6%[S:92.2%,D:0.4%],F:2.7%,M:4.7%,n:3354
GCA_003713265.1_ParRag_1.0 C:89.8%[S:89.4%,D:0.4%],F:4.4%,M:5.8%,n:3354
GCA_003713285.1_DipMag_1.0 C:93.1%[S:92.8%,D:0.3%],F:2.6%,M:4.3%,n:3354
GCA_003713295.1_ParLaw_1.0 C:93.9%[S:93.5%,D:0.4%],F:2.4%,M:3.7%,n:3354
GCA_003713305.1_CicReg_1.0 C:93.5%[S:93.1%,D:0.4%],F:2.7%,M:3.8%,n:3354
GCA_003731715.1_BGI_Agra_1.0 C:96.7%[S:95.9%,D:0.8%],F:1.8%,M:1.5%,n:3354
GCA_003798545.1_ASM379854v1 C:93.7%[S:90.8%,D:2.9%],F:1.8%,M:4.5%,n:3354
GCA_003829775.2_dark-eyed_junco_22Sep2020_assembly C:91.3%[S:90.8%,D:0.5%],F:3.7%,M:5.0%,n:3354
GCA_003846335.1_ASM384633v1 C:92.1%[S:90.2%,D:1.9%],F:4.2%,M:3.7%,n:3354
GCA_003942145.1_ASM394214v1 C:94.1%[S:93.3%,D:0.8%],F:2.3%,M:3.6%,n:3354
GCA_003945595.2_ASM394559v2 C:94.0%[S:93.4%,D:0.6%],F:1.8%,M:4.2%,n:3354
GCA_003945725.1_ASM394572v1 C:94.0%[S:93.4%,D:0.6%],F:2.4%,M:3.6%,n:3354
GCA_003945745.1_UCDavis_Ogaz_1 C:90.8%[S:89.4%,D:1.4%],F:3.2%,M:6.0%,n:3354
GCA_003947215.1_ASM394721v1 C:94.0%[S:89.1%,D:4.9%],F:2.1%,M:3.9%,n:3354
GCA_003957555.2_bCalAnn1_v1.p C:91.0%[S:90.3%,D:0.7%],F:1.9%,M:7.1%,n:3354
GCA_003957565.4_bTaeGut1.4.pri C:94.4%[S:93.9%,D:0.5%],F:1.3%,M:4.3%,n:3354
GCA_003984885.2_ASM398488v2 C:92.3%[S:5.3%,D:87.0%],F:3.0%,M:4.7%,n:3354
GCA_003987875.1_ASM398787v1 C:88.6%[S:87.4%,D:1.2%],F:5.5%,M:5.9%,n:3354
GCA_003999625.1_OJAV_1.1 C:95.6%[S:94.8%,D:0.8%],F:2.3%,M:2.1%,n:3354
GCA_004010195.1_ASM401019v1 C:87.7%[S:86.2%,D:1.5%],F:4.8%,M:7.5%,n:3354
GCA_004023745.1_ASM402374v1 C:75.9%[S:75.4%,D:0.5%],F:14.0%,M:10.1%,n:3354
GCA_004023765.1_ASM402376v1 C:26.0%[S:25.8%,D:0.2%],F:22.6%,M:51.4%,n:3354
GCA_004023785.1_MunMun_v1_BIUU C:85.1%[S:84.1%,D:1.0%],F:7.4%,M:7.5%,n:3354
GCA_004023845.1_HelPar_v1_BIUU C:82.0%[S:81.2%,D:0.8%],F:9.7%,M:8.3%,n:3354
GCA_004023965.1_SpiGra_v1_BIUU C:73.8%[S:73.3%,D:0.5%],F:13.2%,M:13.0%,n:3354
GCA_004024585.1_ParHer_v1_BIUU C:72.0%[S:71.4%,D:0.6%],F:14.6%,M:13.4%,n:3354
GCA_004024605.1_PteBra_v1_BIUU C:80.7%[S:79.9%,D:0.8%],F:9.2%,M:10.1%,n:3354
GCA_004024625.1_MelCap_v1_BIUU C:77.0%[S:76.4%,D:0.6%],F:11.2%,M:11.8%,n:3354
GCA_004024645.1_MizCoq_v1_BIUU C:66.4%[S:65.0%,D:1.4%],F:16.0%,M:17.6%,n:3354
GCA_004024685.1_DipSte_v1_BIUU C:65.0%[S:63.5%,D:1.5%],F:19.3%,M:15.7%,n:3354
GCA_004024705.2_MosMos_v2_BIUU_UCD C:93.6%[S:91.5%,D:2.1%],F:2.3%,M:4.1%,n:3354
GCA_004024745.2_CatWag_v2_BIUU_UCD C:94.6%[S:94.1%,D:0.5%],F:2.3%,M:3.1%,n:3354
GCA_004024765.1_ZapHud_v1_BIUU C:61.9%[S:60.9%,D:1.0%],F:19.5%,M:18.6%,n:3354
GCA_004024805.1_XerIna_v1_BIUU C:73.2%[S:72.0%,D:1.2%],F:13.8%,M:13.0%,n:3354
GCA_004024825.1_PygNem_v1_BIUU C:70.7%[S:68.8%,D:1.9%],F:14.6%,M:14.7%,n:3354
GCA_004024845.1_TonSau_v1_BIUU C:83.2%[S:82.9%,D:0.3%],F:7.1%,M:9.7%,n:3354
GCA_004024885.1_SagImp_v1_BIUU C:74.7%[S:72.0%,D:2.7%],F:13.2%,M:12.1%,n:3354
GCA_004024925.1_ScaAqu_v1_BIUU C:81.4%[S:80.8%,D:0.6%],F:9.5%,M:9.1%,n:3354
GCA_004024945.1_UroGra_v1_BIUU C:60.4%[S:59.6%,D:0.8%],F:19.9%,M:19.7%,n:3354
GCA_004024965.2_ASM402496v2 C:92.5%[S:90.3%,D:2.2%],F:2.6%,M:4.9%,n:3354
GCA_004024985.1_SaiTat_v1_BIUU C:25.2%[S:24.4%,D:0.8%],F:28.2%,M:46.6%,n:3354
GCA_004025025.1_TapTer_v1_BIUU C:79.8%[S:79.2%,D:0.6%],F:10.4%,M:9.8%,n:3354
GCA_004025045.1_SigHis_v1_BIUU C:84.1%[S:80.2%,D:3.9%],F:8.5%,M:7.4%,n:3354
GCA_004025065.1_SemEnt_v1_BIUU C:51.7%[S:50.4%,D:1.3%],F:21.7%,M:26.6%,n:3354
GCA_004025085.1_ThrSwi_v1_BIUU C:53.7%[S:53.3%,D:0.4%],F:16.9%,M:29.4%,n:3354
GCA_004026145.2_XU_Tbim_1.0 C:91.0%[S:87.5%,D:3.5%],F:4.3%,M:4.7%,n:3354
GCA_004026525.1_MinSch_v1_BIUU C:85.9%[S:85.1%,D:0.8%],F:7.2%,M:6.9%,n:3354
GCA_004026545.1_MorMeg_v1_BIUU C:85.1%[S:84.7%,D:0.4%],F:6.9%,M:8.0%,n:3354
GCA_004026585.1_NocLep_v1_BIUU C:83.4%[S:81.8%,D:1.6%],F:6.5%,M:10.1%,n:3354
GCA_004026605.1_OndZib_v1_BIUU C:81.4%[S:80.4%,D:1.0%],F:9.6%,M:9.0%,n:3354
GCA_004026705.1_MicTal_v1_BIUU C:57.1%[S:55.8%,D:1.3%],F:18.9%,M:24.0%,n:3354
GCA_004026745.1_MyrTri_v1_BIUU C:56.5%[S:55.8%,D:0.7%],F:15.1%,M:28.4%,n:3354
GCA_004026765.1_MicHir_v1_BIUU C:73.9%[S:73.1%,D:0.8%],F:10.6%,M:15.5%,n:3354
GCA_004026805.1_LasBor_v1_BIUU C:61.4%[S:47.2%,D:14.2%],F:19.8%,M:18.8%,n:3354
GCA_004026825.1_HemHyl_v1_BIUU C:79.8%[S:78.1%,D:1.7%],F:9.0%,M:11.2%,n:3354
GCA_004026855.1_LepAme_v1_BIUU C:45.4%[S:44.2%,D:1.2%],F:22.1%,M:32.5%,n:3354
GCA_004026885.1_MegLyr_v1_BIUU C:87.7%[S:87.0%,D:0.7%],F:6.0%,M:6.3%,n:3354
GCA_004026905.1_HysCri_v1_BIUU C:75.7%[S:74.7%,D:1.0%],F:10.6%,M:13.7%,n:3354
GCA_004026945.1_OviCan_v1_BIUU C:76.8%[S:75.1%,D:1.7%],F:10.9%,M:12.3%,n:3354
GCA_004026965.1_PetTyp_v1_BIUU C:63.1%[S:62.3%,D:0.8%],F:14.2%,M:22.7%,n:3354
GCA_004027025.1_MyoCoy_v1_BIUU C:57.0%[S:54.7%,D:2.3%],F:17.2%,M:25.8%,n:3354
GCA_004027085.1_MesBid_v1_BIUU C:64.7%[S:63.3%,D:1.4%],F:12.5%,M:22.8%,n:3354
GCA_004027165.1_CteSoc_v1_BIUU C:67.2%[S:63.9%,D:3.3%],F:14.6%,M:18.2%,n:3354
GCA_004027185.1_GliGli_v1_BIUU C:50.9%[S:50.0%,D:0.9%],F:22.9%,M:26.2%,n:3354
GCA_004027205.1_CteGun_v1_BIUU C:90.5%[S:89.9%,D:0.6%],F:4.7%,M:4.8%,n:3354
GCA_004027225.2_bStrHab1.2.pri C:95.9%[S:94.6%,D:1.3%],F:1.6%,M:2.5%,n:3354
GCA_004027295.1_DolPat_v1_BIUU C:70.2%[S:69.5%,D:0.7%],F:12.5%,M:17.3%,n:3354
GCA_004027375.1_MacSob_v1_BIUU C:90.3%[S:90.0%,D:0.3%],F:4.5%,M:5.2%,n:3354
GCA_004027415.1_HipGal_v1_BIUU C:65.8%[S:62.8%,D:3.0%],F:14.0%,M:20.2%,n:3354
GCA_004027455.1_HydHyd_v1_BIUU C:86.4%[S:85.8%,D:0.6%],F:6.1%,M:7.5%,n:3354
GCA_004027475.1_AnoCau_v1_BIUU C:84.8%[S:84.2%,D:0.6%],F:6.6%,M:8.6%,n:3354
GCA_004027495.1_BeaHun_v1_BIUU C:75.0%[S:73.8%,D:1.2%],F:11.7%,M:13.3%,n:3354
GCA_004027555.1_CraTho_v1_BIUU C:63.5%[S:62.6%,D:0.9%],F:11.8%,M:24.7%,n:3354
GCA_004027575.1_CriGam_v1_BIUU C:85.5%[S:85.0%,D:0.5%],F:8.8%,M:5.7%,n:3354
GCA_004027595.1_DinBra_v1_BIUU C:78.6%[S:77.5%,D:1.1%],F:9.5%,M:11.9%,n:3354
GCA_004027635.1_CroInd_v1_BIUU C:22.2%[S:21.6%,D:0.6%],F:25.1%,M:52.7%,n:3354
GCA_004027655.1_GraMur_v1_BIUU C:53.4%[S:52.4%,D:1.0%],F:21.2%,M:25.4%,n:3354
GCA_004027695.1_CavTsc_v1_BIUU C:81.8%[S:81.1%,D:0.7%],F:7.6%,M:10.6%,n:3354
GCA_004027715.1_CalDon_v1_BIUU C:60.9%[S:59.7%,D:1.2%],F:18.6%,M:20.5%,n:3354
GCA_004027735.1_CarPer_v1_BIUU C:43.5%[S:43.1%,D:0.4%],F:24.2%,M:32.3%,n:3354
GCA_004027775.1_BraVar_v1_BIUU C:27.0%[S:26.3%,D:0.7%],F:11.2%,M:61.8%,n:3354
GCA_004027835.1_AloPal_v1_BIUU C:68.1%[S:65.3%,D:2.8%],F:16.2%,M:15.7%,n:3354
GCA_004027875.1_AplRuf_v1_BIUU C:67.8%[S:66.8%,D:1.0%],F:13.6%,M:18.6%,n:3354
GCA_004027895.1_AllBul_v1_BIUU C:55.6%[S:54.5%,D:1.1%],F:22.4%,M:22.0%,n:3354
GCA_004027915.1_CapPil_v1_BIUU C:39.4%[S:38.4%,D:1.0%],F:16.4%,M:44.2%,n:3354
GCA_004027955.1_ChaVel_v1_BIUU C:18.6%[S:17.9%,D:0.7%],F:23.3%,M:58.1%,n:3354
GCA_004028035.1_ASM402803v1 C:92.9%[S:89.6%,D:3.3%],F:3.0%,M:4.1%,n:3354
GCA_004028625.2_ASM402862v2 C:80.3%[S:77.7%,D:2.6%],F:10.9%,M:8.8%,n:3354
GCA_004115215.4_mOrnAna1.pri.v4 C:93.4%[S:92.7%,D:0.7%],F:2.8%,M:3.8%,n:3354
GCA_004115265.3_mRhiFer1_v1.p C:93.7%[S:92.4%,D:1.3%],F:2.2%,M:4.1%,n:3354
GCA_004119915.2_ASM411991v2 C:94.8%[S:92.5%,D:2.3%],F:2.0%,M:3.2%,n:3354
GCA_004124795.1_ASM412479v1 C:34.4%[S:34.0%,D:0.4%],F:37.3%,M:28.3%,n:3354
GCA_004126475.3_mPhyDis1.pri.v3 C:92.0%[S:91.3%,D:0.7%],F:2.3%,M:5.7%,n:3354
GCA_004143745.1_ASM414374v1 C:94.3%[S:93.8%,D:0.5%],F:2.1%,M:3.6%,n:3354
GCA_004216515.1_sis1-161031-pseudohap C:85.7%[S:84.4%,D:1.3%],F:2.7%,M:11.6%,n:3354
GCA_004319985.1_emyIji_1.0 C:61.4%[S:60.9%,D:0.5%],F:18.7%,M:19.9%,n:3354
GCA_004320005.1_hydMel_1.0 C:72.6%[S:72.2%,D:0.4%],F:13.0%,M:14.4%,n:3354
GCA_004320025.1_latLat_1.0 C:72.4%[S:72.0%,D:0.4%],F:13.4%,M:14.2%,n:3354
GCA_004320125.1_Scolopax_mira_ver1.0 C:81.8%[S:81.5%,D:0.3%],F:11.5%,M:6.7%,n:3354
GCA_004320165.1_Dendrocopos_noguchii_ver1.0 C:55.5%[S:55.1%,D:0.4%],F:23.4%,M:21.1%,n:3354
GCA_004320225.1_Bubo_blakistoni_ver1.0 C:82.8%[S:82.3%,D:0.5%],F:10.9%,M:6.3%,n:3354
GCA_004329235.1_PodMur_1.0 C:94.9%[S:92.9%,D:2.0%],F:1.7%,M:3.4%,n:3354
GCA_004329385.1_megNov1 C:91.9%[S:90.6%,D:1.3%],F:3.5%,M:4.6%,n:3354
GCA_004348235.1_GSC_HSeal_1.0 C:93.5%[S:91.9%,D:1.6%],F:2.4%,M:4.1%,n:3354
GCA_004354835.1_PFLA_1.0 C:97.2%[S:96.6%,D:0.6%],F:1.2%,M:1.6%,n:3354
GCA_004355925.1_GSC_Weel_1.0 C:92.7%[S:91.7%,D:1.0%],F:4.5%,M:2.8%,n:3354
GCA_004360235.1_ASM436023v1 C:95.5%[S:94.9%,D:0.6%],F:1.9%,M:2.6%,n:3354
GCA_004363435.1_PlaMin_v1_BIUU C:51.6%[S:50.0%,D:1.6%],F:22.4%,M:26.0%,n:3354
GCA_004363455.1_EubJap_v1_BIUU C:69.5%[S:67.7%,D:1.8%],F:11.9%,M:18.6%,n:3354
GCA_004363495.1_PhoPho_v1_BIUU C:80.9%[S:79.8%,D:1.1%],F:8.4%,M:10.7%,n:3354
GCA_004363515.1_IniGeo_v1_BIUU C:62.1%[S:60.9%,D:1.2%],F:9.5%,M:28.4%,n:3354
GCA_004363535.1_DasPun_v1_BIUU C:63.9%[S:63.1%,D:0.8%],F:15.4%,M:20.7%,n:3354
GCA_004363575.1_SolPar_v1_BIUU C:89.8%[S:89.4%,D:0.4%],F:5.2%,M:5.0%,n:3354
GCA_004363605.1_IndInd_v1_BIUU C:61.5%[S:60.3%,D:1.2%],F:15.7%,M:22.8%,n:3354
GCA_004364475.1_ZipCav_v1_BIUU C:33.4%[S:32.9%,D:0.5%],F:17.4%,M:49.2%,n:3354
GCA_004365145.1_OryAfe_v1_BIUU C:52.3%[S:51.7%,D:0.6%],F:16.2%,M:31.5%,n:3354
GCA_004365215.1_CunPac_v1_BIUU C:26.5%[S:26.1%,D:0.4%],F:25.6%,M:47.9%,n:3354
GCA_004367855.1_ASM436785v1 C:3.8%[S:3.5%,D:0.3%],F:4.7%,M:91.5%,n:3354
GCA_004367875.1_ASM436787v1 C:10.8%[S:10.5%,D:0.3%],F:6.8%,M:82.4%,n:3354
GCA_004367895.1_ASM436789v1 C:11.4%[S:10.8%,D:0.6%],F:7.4%,M:81.2%,n:3354
GCA_004367955.1_ASM436795v1 C:2.2%[S:1.3%,D:0.9%],F:0.8%,M:97.0%,n:3354
GCA_004367975.1_ASM436797v1 C:2.0%[S:2.0%,D:0.0%],F:1.1%,M:96.9%,n:3354
GCA_004368075.1_ASM436807v1 C:10.2%[S:9.2%,D:1.0%],F:5.5%,M:84.3%,n:3354
GCA_004664715.2_UCI_PerLeu_2.1 C:93.6%[S:91.3%,D:2.3%],F:1.9%,M:4.5%,n:3354
GCA_004785775.1_NIH_TR_1.0 C:93.4%[S:90.8%,D:2.6%],F:2.8%,M:3.8%,n:3354
GCA_004786255.1_Pads_1.0 C:88.6%[S:87.6%,D:1.0%],F:5.1%,M:6.3%,n:3354
GCA_004798865.1_ASM479886v1 C:94.2%[S:93.7%,D:0.5%],F:2.4%,M:3.4%,n:3354
GCA_004916995.1_NCSU_SB_2.0 C:89.9%[S:89.4%,D:0.5%],F:5.1%,M:5.0%,n:3354
GCA_005024645.1_Liza_haematocheila_0.1 C:96.9%[S:88.0%,D:8.9%],F:1.2%,M:1.9%,n:3354
GCA_005190385.3_NGI_Narwhal_2 C:93.0%[S:91.4%,D:1.6%],F:2.6%,M:4.4%,n:3354
GCA_005280165.1_ASM528016v1 C:90.2%[S:88.5%,D:1.7%],F:3.3%,M:6.5%,n:3354
GCA_005281545.1_ASM528154v1 C:97.4%[S:96.5%,D:0.9%],F:1.3%,M:1.3%,n:3354
GCA_005408345.1_DU_Maus_v1.0 C:97.0%[S:96.4%,D:0.6%],F:1.8%,M:1.2%,n:3354
GCA_005458795.1_GSC_VIM_1.0 C:87.1%[S:85.5%,D:1.6%],F:5.4%,M:7.5%,n:3354
GCA_005784505.1_ASM578450v1 C:92.6%[S:91.9%,D:0.7%],F:2.9%,M:4.5%,n:3354
GCA_005887515.3_BosGru3.1 C:91.0%[S:89.7%,D:1.3%],F:2.4%,M:6.6%,n:3354
GCA_005890655.1_Cmin_1.0 C:68.0%[S:67.6%,D:0.4%],F:14.1%,M:17.9%,n:3354
GCA_006030095.1_ASM603009v1 C:94.2%[S:93.3%,D:0.9%],F:2.4%,M:3.4%,n:3354
GCA_006130075.1_GSC_cangoose_1.0 C:93.8%[S:93.1%,D:0.7%],F:2.7%,M:3.5%,n:3354
GCA_006149115.2_Oner_1.1 C:87.0%[S:55.4%,D:31.6%],F:5.3%,M:7.7%,n:3354
GCA_006182925.3_UL_REHI_2.0 C:96.4%[S:95.6%,D:0.8%],F:2.0%,M:1.6%,n:3354
GCA_006229205.1_meerkat_22Aug2017_6uvM2_HiC C:91.7%[S:90.4%,D:1.3%],F:3.3%,M:5.0%,n:3354
GCA_006232285.1_SYL C:91.9%[S:91.2%,D:0.7%],F:4.8%,M:3.3%,n:3354
GCA_006348945.1_SNU_Ltan_1.0 C:78.2%[S:77.5%,D:0.7%],F:13.0%,M:8.8%,n:3354
GCA_006386435.1_YSFRI_EMoa_1.0 C:97.2%[S:96.8%,D:0.4%],F:1.3%,M:1.5%,n:3354
GCA_006408465.1_WLD C:91.4%[S:89.2%,D:2.2%],F:3.6%,M:5.0%,n:3354
GCA_006408505.1_CTB C:92.3%[S:89.9%,D:2.4%],F:3.1%,M:4.6%,n:3354
GCA_006408545.1_HBT C:6.1%[S:6.0%,D:0.1%],F:10.9%,M:83.0%,n:3354
GCA_006408565.1_GFE C:93.7%[S:92.4%,D:1.3%],F:2.3%,M:4.0%,n:3354
GCA_006408585.1_SGB C:84.1%[S:81.7%,D:2.4%],F:6.9%,M:9.0%,n:3354
GCA_006408615.1_BWD C:89.7%[S:88.9%,D:0.8%],F:4.5%,M:5.8%,n:3354
GCA_006408635.1_GTG C:75.1%[S:73.3%,D:1.8%],F:5.4%,M:19.5%,n:3354
GCA_006408675.1_KDD C:52.0%[S:51.2%,D:0.8%],F:13.7%,M:34.3%,n:3354
GCA_006408695.1_IMP C:74.8%[S:73.6%,D:1.2%],F:9.2%,M:16.0%,n:3354
GCA_006408735.1_CMD C:80.1%[S:77.5%,D:2.6%],F:6.6%,M:13.3%,n:3354
GCA_006408755.1_TMG C:92.3%[S:90.7%,D:1.6%],F:2.9%,M:4.8%,n:3354
GCA_006410495.1_BUB C:79.7%[S:77.4%,D:2.3%],F:7.0%,M:13.3%,n:3354
GCA_006410515.1_PLG C:89.6%[S:88.6%,D:1.0%],F:3.9%,M:6.5%,n:3354
GCA_006410535.1_GRK C:93.1%[S:90.4%,D:2.7%],F:2.6%,M:4.3%,n:3354
GCA_006410555.1_IBX C:53.5%[S:52.9%,D:0.6%],F:2.1%,M:44.4%,n:3354
GCA_006410595.1_AGL C:90.0%[S:88.3%,D:1.7%],F:3.6%,M:6.4%,n:3354
GCA_006410615.1_SUN C:76.8%[S:75.5%,D:1.3%],F:9.7%,M:13.5%,n:3354
GCA_006410635.1_HVD C:87.0%[S:84.9%,D:2.1%],F:4.6%,M:8.4%,n:3354
GCA_006410655.1_DFW C:89.8%[S:88.1%,D:1.7%],F:3.6%,M:6.6%,n:3354
GCA_006410675.1_KSP C:83.8%[S:81.0%,D:2.8%],F:5.7%,M:10.5%,n:3354
GCA_006410695.1_MXD C:72.4%[S:69.9%,D:2.5%],F:8.9%,M:18.7%,n:3354
GCA_006410735.1_SNB C:73.3%[S:70.5%,D:2.8%],F:9.5%,M:17.2%,n:3354
GCA_006410775.1_LEK C:73.0%[S:69.8%,D:3.2%],F:11.6%,M:15.4%,n:3354
GCA_006410795.1_GTK C:85.7%[S:84.1%,D:1.6%],F:5.9%,M:8.4%,n:3354
GCA_006410875.1_RAL C:68.3%[S:66.5%,D:1.8%],F:13.0%,M:18.7%,n:3354
GCA_006410935.1_BHR C:73.8%[S:72.5%,D:1.3%],F:13.4%,M:12.8%,n:3354
GCA_006411015.1_STG C:63.6%[S:60.6%,D:3.0%],F:11.1%,M:25.3%,n:3354
GCA_006411685.1_MTN C:27.8%[S:27.6%,D:0.2%],F:22.2%,M:50.0%,n:3354
GCA_006416875.1_CME C:12.5%[S:12.3%,D:0.2%],F:19.6%,M:67.9%,n:3354
GCA_006417275.1_ORB C:10.7%[S:10.6%,D:0.1%],F:21.0%,M:68.3%,n:3354
GCA_006461725.1_NPU_MCHR_1.0 C:45.9%[S:42.5%,D:3.4%],F:11.2%,M:42.9%,n:3354
GCA_006542625.1_Asia_NLE_v1 C:92.8%[S:91.1%,D:1.7%],F:2.7%,M:4.5%,n:3354
GCA_006937325.1_anoDid_nucDNA_orig C:66.6%[S:66.2%,D:0.4%],F:12.5%,M:20.9%,n:3354
GCA_006937955.1_MPIBA_Ppla_1.0 C:96.7%[S:96.0%,D:0.7%],F:1.7%,M:1.6%,n:3354
GCA_006937965.1_MPIBA_Ctod_1.0 C:96.4%[S:95.3%,D:1.1%],F:1.9%,M:1.7%,n:3354
GCA_006937985.1_MPIBA_Aaus_1.0 C:97.1%[S:96.1%,D:1.0%],F:1.7%,M:1.2%,n:3354
GCA_006942095.1_MPIBA_Nkuh_1.0 C:95.5%[S:94.2%,D:1.3%],F:2.3%,M:2.2%,n:3354
GCA_007210695.1_RGoby_Basel_V2 C:89.1%[S:87.5%,D:1.6%],F:4.6%,M:6.3%,n:3354
GCA_007224835.1_ASM722483v1 C:91.6%[S:89.4%,D:2.2%],F:3.6%,M:4.8%,n:3354
GCA_007252995.1_ZoBo_15179_v2.0 C:94.7%[S:94.0%,D:0.7%],F:2.2%,M:3.1%,n:3354
GCA_007364275.2_fArcCen1 C:96.7%[S:95.7%,D:1.0%],F:1.3%,M:2.0%,n:3354
GCA_007399415.1_rGopEvg1_v1.p C:94.5%[S:93.6%,D:0.9%],F:2.5%,M:3.0%,n:3354
GCA_007474595.2_mLynCan4.pri.v2 C:92.8%[S:92.2%,D:0.6%],F:2.8%,M:4.4%,n:3354
GCA_007556475.1_ZoPa_MNHNZO2015-572_v1.0 C:90.9%[S:90.3%,D:0.6%],F:4.4%,M:4.7%,n:3354
GCA_007565055.1_ASM756505v1 C:93.2%[S:91.1%,D:2.1%],F:2.7%,M:4.1%,n:3354
GCA_007570785.1_GSC_phorn_1.0 C:93.7%[S:90.1%,D:3.6%],F:2.3%,M:4.0%,n:3354
GCA_007646695.3_UniMelb_ThyCyn2.0_hybrid_assembly
GCA_007760645.1_ASM776064v1 C:93.2%[S:91.2%,D:2.0%],F:2.5%,M:4.3%,n:3354
GCA_007844835.1_NRC_Mithun_1 C:89.5%[S:79.5%,D:10.0%],F:3.6%,M:6.9%,n:3354
GCA_007896545.1_ASM789654v1 C:96.7%[S:96.3%,D:0.4%],F:1.7%,M:1.6%,n:3354
GCA_007922155.1_Mesoclemmys_tuberculata-1.0 C:95.0%[S:90.5%,D:4.5%],F:2.3%,M:2.7%,n:3354
GCA_007922175.1_Pelusios_castaneus-1.0 C:94.3%[S:93.0%,D:1.3%],F:3.0%,M:2.7%,n:3354
GCA_007922195.1_Podocnemis_expansa-1.0 C:95.2%[S:94.3%,D:0.9%],F:2.6%,M:2.2%,n:3354
GCA_007922225.1_Emydura_subglobosa-1.0 C:95.6%[S:93.1%,D:2.5%],F:2.0%,M:2.4%,n:3354
GCA_007922305.1_Dermatemys_mawii-1.0 C:94.9%[S:93.0%,D:1.9%],F:2.4%,M:2.7%,n:3354
GCA_007922755.1_PedCap_v1_BIUU C:77.1%[S:76.0%,D:1.1%],F:9.7%,M:13.2%,n:3354
GCA_007922795.1_NycHum_v1_BIUU C:46.5%[S:44.4%,D:2.1%],F:23.4%,M:30.1%,n:3354
GCA_007922815.1_MacCal_v1_BIUU C:64.6%[S:63.6%,D:1.0%],F:8.0%,M:27.4%,n:3354
GCA_008033365.1_NUS_rp_v1 C:51.5%[S:51.2%,D:0.3%],F:23.4%,M:25.1%,n:3354
GCA_008086565.1_UOO_Thbifa_1.2 C:96.0%[S:81.7%,D:14.3%],F:2.2%,M:1.8%,n:3354
GCA_008086735.1_ASM808673v1 C:87.7%[S:86.6%,D:1.1%],F:4.5%,M:7.8%,n:3354
GCA_008269305.1_ASM826930v1 C:68.1%[S:67.7%,D:0.4%],F:23.0%,M:8.9%,n:3354
GCA_008315115.2_SLUC_FBN_1.2 C:97.7%[S:97.2%,D:0.5%],F:0.9%,M:1.4%,n:3354
GCA_008360975.2_HeHo_2.0 C:94.4%[S:93.1%,D:1.3%],F:1.4%,M:4.2%,n:3354
GCA_008360985.2_GOP001_1.2 C:95.4%[S:94.9%,D:0.5%],F:3.2%,M:1.4%,n:3354
GCA_008369825.1_ASM836982v1 C:96.0%[S:94.8%,D:1.2%],F:1.4%,M:2.6%,n:3354
GCA_008586565.1_ASM858656v1 C:86.5%[S:84.7%,D:1.8%],F:9.1%,M:4.4%,n:3354
GCA_008632895.1_UCSF_Mcou_1 C:92.5%[S:91.7%,D:0.8%],F:2.5%,M:5.0%,n:3354
GCA_008658365.1_bAlcTor1_primary C:94.2%[S:93.7%,D:0.5%],F:1.9%,M:3.9%,n:3354
GCA_008692025.1_mPhoSin1.pri C:92.7%[S:91.7%,D:1.0%],F:2.6%,M:4.7%,n:3354
GCA_008692095.1_UIUC_Espe_1.0 C:91.7%[S:89.2%,D:2.5%],F:2.1%,M:6.2%,n:3354
GCA_008692595.2_Cv_LA_2.0 C:92.3%[S:91.9%,D:0.4%],F:2.3%,M:5.4%,n:3354
GCA_008692635.1_BGI_CrCroc_1.0 C:92.4%[S:92.0%,D:0.4%],F:3.3%,M:4.3%,n:3354
GCA_008694505.1_ASM869450v1 C:92.8%[S:92.4%,D:0.4%],F:2.6%,M:4.6%,n:3354
GCA_008711295.1_ASM871129v1 C:94.1%[S:93.7%,D:0.4%],F:2.7%,M:3.2%,n:3354
GCA_008728515.2_Panubis1.1 C:91.0%[S:88.3%,D:2.7%],F:2.7%,M:6.3%,n:3354
GCA_008729295.2_YSFRI_Pleo_2.0 C:91.8%[S:90.3%,D:1.5%],F:5.2%,M:3.0%,n:3354
GCA_008750895.1_Mzaz_1.0 C:70.2%[S:68.5%,D:1.7%],F:14.0%,M:15.8%,n:3354
GCA_008750935.1_Mtav_1.0 C:55.5%[S:53.5%,D:2.0%],F:17.0%,M:27.5%,n:3354
GCA_008750955.1_Mmit_1.0 C:48.6%[S:45.3%,D:3.3%],F:20.2%,M:31.2%,n:3354
GCA_008750975.1_Mrav_1.0 C:43.7%[S:42.3%,D:1.4%],F:19.9%,M:36.4%,n:3354
GCA_008750995.1_Mgri_1.0 C:47.5%[S:45.7%,D:1.8%],F:19.3%,M:33.2%,n:3354
GCA_008782695.1_UCB_Mmun_1.0
GCA_008921705.1_REN_Boedic_1.0 C:89.2%[S:88.6%,D:0.6%],F:3.9%,M:6.9%,n:3354
GCA_008931825.1_Phfumi_MTP2014 C:25.1%[S:23.7%,D:1.4%],F:11.9%,M:63.0%,n:3354
GCA_008933995.1_BGI_Dund_1.0 C:97.7%[S:94.5%,D:3.2%],F:1.3%,M:1.0%,n:3354
GCA_009108245.1_ASM910824v1 C:84.9%[S:82.3%,D:2.6%],F:7.2%,M:7.9%,n:3354
GCA_009364415.1_usc_Smult_1.0 C:82.0%[S:74.1%,D:7.9%],F:9.5%,M:8.5%,n:3354
GCA_009364435.1_usc_Scouchii_0.1 C:0.4%[S:0.4%,D:0.0%],F:1.7%,M:97.9%,n:3354
GCA_009364455.1_usc_Sholbrookii_0.1 C:1.6%[S:1.6%,D:0.0%],F:6.0%,M:92.4%,n:3354
GCA_009430485.1_ANU_Anthochaera_phrygia_1.0 C:4.4%[S:4.4%,D:0.0%],F:11.7%,M:83.9%,n:3354
GCA_009493645.1_ARS_UNL_BGru_maternal_1.0_p C:94.1%[S:92.6%,D:1.5%],F:2.0%,M:3.9%,n:3354
GCA_009650955.1_bCorMon1.pri C:93.4%[S:92.8%,D:0.6%],F:1.8%,M:4.8%,n:3354
GCA_009660295.1_BF2_Nord C:89.3%[S:88.6%,D:0.7%],F:6.8%,M:3.9%,n:3354
GCA_009663075.1_ASM966307v1 C:87.3%[S:85.1%,D:2.2%],F:8.9%,M:3.8%,n:3354
GCA_009667805.1_ASM966780v1 C:87.3%[S:85.6%,D:1.7%],F:5.2%,M:7.5%,n:3354
GCA_009690805.1_HemiWil1.0 C:91.8%[S:91.3%,D:0.5%],F:3.5%,M:4.7%,n:3354
GCA_009733165.1_Nana_v5 C:89.7%[S:89.0%,D:0.7%],F:4.2%,M:6.1%,n:3354
GCA_009756435.1_Cmyersi_v0.1 C:80.1%[S:76.6%,D:3.5%],F:10.7%,M:9.2%,n:3354
GCA_009756495.1_Chamatus_v0.1 C:55.5%[S:55.0%,D:0.5%],F:26.7%,M:17.8%,n:3354
GCA_009758055.1_ASM975805v1 C:89.2%[S:88.2%,D:1.0%],F:4.4%,M:6.4%,n:3354
GCA_009760805.1_CIBIO-ISEM_LeTim_1.1 C:80.8%[S:79.5%,D:1.3%],F:8.1%,M:11.1%,n:3354
GCA_009761245.1_GSC_monkey_1.0 C:91.7%[S:89.4%,D:2.3%],F:3.5%,M:4.8%,n:3354
GCA_009762305.2_mZalCal1.pri.v2 C:92.6%[S:90.2%,D:2.4%],F:3.0%,M:4.4%,n:3354
GCA_009762535.1_fNotCel1.pri C:93.8%[S:93.0%,D:0.8%],F:2.1%,M:4.1%,n:3354
GCA_009764315.1_Tfra_2.0 C:92.8%[S:91.0%,D:1.8%],F:2.4%,M:4.8%,n:3354
GCA_009764475.2_sPriPec2.1.pri C:89.9%[S:88.4%,D:1.5%],F:3.1%,M:7.0%,n:3354
GCA_009764565.4_rDerCor1.pri.v4 C:93.5%[S:93.1%,D:0.4%],F:2.7%,M:3.8%,n:3354
GCA_009764595.1_bGeoTri1.pri C:89.4%[S:88.7%,D:0.7%],F:2.3%,M:8.3%,n:3354
GCA_009769535.1_rThaEle1.pri
GCA_009769545.1_fCycLum1.pri C:95.8%[S:95.1%,D:0.7%],F:1.8%,M:2.4%,n:3354
GCA_009769605.1_bBucAby1.pri C:94.0%[S:93.4%,D:0.6%],F:2.1%,M:3.9%,n:3354
GCA_009769625.2_bCygOlo1.pri.v2 C:94.2%[S:93.5%,D:0.7%],F:2.1%,M:3.7%,n:3354
GCA_009793145.1_ASM979314v1 C:76.7%[S:76.3%,D:0.4%],F:9.7%,M:13.6%,n:3354
GCA_009801035.1_UCB_Opum_1.0 C:66.6%[S:65.8%,D:0.8%],F:15.5%,M:17.9%,n:3354
GCA_009806435.2_UM_NZW_1.0 C:90.7%[S:87.1%,D:3.6%],F:2.9%,M:6.4%,n:3354
GCA_009806455.1_REN_Tetrax_1.0 C:88.1%[S:87.6%,D:0.5%],F:6.1%,M:5.8%,n:3354
GCA_009812075.1_Ss_LA_1.0 C:86.8%[S:86.4%,D:0.4%],F:3.2%,M:10.0%,n:3354
GCA_009819535.1_rLacAgi1.pri C:95.2%[S:94.1%,D:1.1%],F:1.6%,M:3.2%,n:3354
GCA_009819605.1_bSteHir1.pri C:95.8%[S:95.1%,D:0.7%],F:1.4%,M:2.8%,n:3354
GCA_009819655.1_bSylAtr1.pri C:93.1%[S:92.4%,D:0.7%],F:1.9%,M:5.0%,n:3354
GCA_009819705.1_fHipHip1.pri C:97.4%[S:96.3%,D:1.1%],F:1.0%,M:1.6%,n:3354
GCA_009819795.1_bAytFul2.pri C:95.1%[S:94.4%,D:0.7%],F:1.9%,M:3.0%,n:3354
GCA_009819885.2_bCatUst1.pri.v2 C:95.4%[S:94.7%,D:0.7%],F:1.5%,M:3.1%,n:3354
GCA_009823395.1_ASM982339v1 C:93.0%[S:92.2%,D:0.8%],F:2.1%,M:4.9%,n:3354
GCA_009823435.2_ASM982343v2 C:60.7%[S:60.4%,D:0.3%],F:21.8%,M:17.5%,n:3354
GCA_009823505.1_RhiPru_1.0 C:87.0%[S:84.0%,D:3.0%],F:5.4%,M:7.6%,n:3354
GCA_009828535.3_HMol_V3 C:92.0%[S:89.4%,D:2.6%],F:3.0%,M:5.0%,n:3354
GCA_009829125.3_fPerMag1.2.pri C:94.7%[S:93.8%,D:0.9%],F:1.7%,M:3.6%,n:3354
GCA_009829145.1_bChiLan1.pri C:94.1%[S:93.7%,D:0.4%],F:1.9%,M:4.0%,n:3354
GCA_009829155.1_mMusErm1.Pri C:93.4%[S:92.5%,D:0.9%],F:1.9%,M:4.7%,n:3354
GCA_009834535.1_BCGSAC_Cfer_1.0 C:94.1%[S:93.4%,D:0.7%],F:2.1%,M:3.8%,n:3354
GCA_009867205.2_ASM986720v2 C:64.4%[S:64.0%,D:0.4%],F:20.1%,M:15.5%,n:3354
